1586561368
2534933064
359400264
2256471368
1307575360
3651143504
1531381320
1977747536
4097248088
304482632
527108680
4041084248
2424376384
1643319128
3539931456
3762885456
415962176
3316518464
918229080
2535265872
3483703376
193139272
2152480640
3100590208
1427325314
1650672256
4272178052
3547088004
2759203392
3205897544
1364268368
2321500290
648432002
4218112642
3492825986
2767932548
2265927046
592793216
3214561158
4154596936
862000984
137107776
3429179200
2828096640
360651592
2257067072
3653247312
152066182
3721746816
2996525700
1031413832
3220135042
4168506752
1770937988
97738630
3374523224
3890700672
1492345478
3876069976
3109971076
1701454912
28583240
2873567040
4269091400
1925129808
3822266432
2372217176
1603431556
2551934340
3500174982
153317254
2093427520
3990236504
420555840
3210097496
85931088
2707830088
2316774992
4214107984
2540712000
1090007360
2930849616
3881777488
2261135952
3656005184
1260140624
3156752984
32783176
1929198912
3602529352
2877570624
1849328768
1125025152
399804032
1149257032
3994765120
344623494
1292733062
4136930180
1738837126
2097890888
289705602
930894160
3553186376
2409599364
4000011584
2632487814
456758400
1541099608
4027029122
3301676932
4249786502
902863238
1851038342
177642370
2550683208
1126014342
877221720
3022430080
1349099654
3970933120
1572643462
1879790408
3667877960
3332859200
2607507024
3555616592
1156933712
2271435584
1468690496
1938252632
18838080
431581512
1190622016
4001262152
3812193360
2138862920
654469968
2417127760
957578560
122189376
1906081616
4248076864
2743891792
345012296
2574615384
1961458000
3690760256
1236302416
3133968200
1459518280
4082798656
4081220672
736072280
2799279184
400727616
3579477584
2854256728
455377232
2742519640
2687012168
1405392208
